0.416817 0.879117 0.425777 0.514481 0.238512 0.887230 0.794206 0.310654 1
0.144995 0.501552 0.795143 0.482033 0.275624 0.466022 0.387610 0.164484 0
0.831765 0.003573 0.835221 0.172035 0.082425 0.517414 0.478463 0.371052 0
0.145137 0.881438 0.329561 0.028560 0.472472 0.117837 0.002468 0.340917 0
0.087797 0.581471 0.455755 0.983404 0.109866 0.597175 0.311771 0.360695 1
0.140978 0.097989 0.165686 0.884995 0.296408 0.722995 0.567575 0.155666 1
0.015616 0.853645 0.185141 0.242378 0.908929 0.232015 0.975510 0.739906 1
0.571722 0.808975 0.745094 0.116794 0.276891 0.265661 0.598078 0.801217 1
0.047859 0.922486 0.194887 0.661758 0.656647 0.130276 0.599035 0.732025 0
0.931931 0.055286 0.983461 0.298753 0.717430 0.822353 0.598045 0.627989 1
0.536228 0.573875 0.962378 0.204093 0.354782 0.246444 0.512933 0.599745 1
0.422429 0.873012 0.304134 0.787495 0.697180 0.981112 0.051053 0.613367 1
0.488637 0.248565 0.865243 0.004638 0.163816 0.623193 0.496034 0.365319 0
0.331876 0.388487 0.988393 0.354747 0.761412 0.873844 0.004664 0.357648 0
0.259504 0.406997 0.238693 0.914721 0.304765 0.614929 0.934411 0.683167 1
0.257097 0.918204 0.360177 0.373445 0.050508 0.712006 0.230644 0.628065 0
0.039299 0.307214 0.281464 0.711280 0.302284 0.297723 0.291786 0.587485 0
0.103732 0.886550 0.393501 0.962919 0.790930 0.900295 0.315004 0.477397 1
0.285403 0.306915 0.916468 0.261684 0.866513 0.513822 0.617827 0.809051 1
0.381143 0.531184 0.745836 0.590202 0.503712 0.964176 0.828744 0.247651 0
0.745757 0.880141 0.190781 0.279222 0.227037 0.782266 0.862449 0.044148 0
0.199263 0.774892 0.215419 0.287677 0.579684 0.078666 0.405094 0.725704 1
0.340848 0.288281 0.973325 0.881623 0.973553 0.800906 0.110293 0.661083 1
0.352493 0.490436 0.777696 0.556285 0.571522 0.941531 0.985795 0.434338 0
0.188166 0.429298 0.923104 0.974385 0.467768 0.738715 0.606876 0.170162 0
0.011084 0.018850 0.485538 0.099600 0.459353 0.201066 0.454626 0.007094 0
0.270960 0.156375 0.065255 0.686998 0.215171 0.469920 0.673045 0.229682 0
0.868403 0.114808 0.770167 0.060686 0.894891 0.491984 0.182503 0.590721 0
0.925435 0.863071 0.281643 0.129235 0.582062 0.297752 0.224416 0.533805 1
0.395217 0.511877 0.901519 0.498759 0.754254 0.767423 0.495839 0.213554 0
0.096720 0.938198 0.964497 0.433811 0.311361 0.105695 0.105690 0.302938 0
0.079954 0.050495 0.341133 0.790596 0.842099 0.688743 0.038427 0.295637 1
0.939897 0.787086 0.665907 0.060484 0.461790 0.977735 0.400260 0.747271 0
0.717345 0.560144 0.914927 0.533450 0.718307 0.120726 0.405685 0.527219 1
0.135264 0.010448 0.729854 0.281631 0.308650 0.498590 0.322015 0.157102 0
0.257084 0.154158 0.004808 0.044519 0.842535 0.272512 0.641775 0.672607 1
0.718135 0.538494 0.466944 0.187081 0.292125 0.919183 0.076755 0.935091 0
0.071251 0.265100 0.105555 0.394432 0.661972 0.150052 0.482081 0.188391 1
0.382791 0.591758 0.999027 0.334486 0.738547 0.274466 0.694951 0.339729 1
0.014789 0.702245 0.391317 0.532257 0.820227 0.217886 0.564139 0.553946 0
0.100498 0.921637 0.985385 0.103043 0.046920 0.312709 0.463246 0.474039 0
0.226908 0.445244 0.367422 0.084498 0.626863 0.160254 0.779637 0.898308 1
0.587256 0.327063 0.813153 0.415220 0.453217 0.568567 0.884261 0.052963 1
0.829739 0.469111 0.332599 0.294933 0.861813 0.202085 0.155631 0.527726 1
0.124087 0.317166 0.910888 0.763133 0.666927 0.741120 0.854501 0.319960 0
0.727146 0.854815 0.844554 0.820707 0.141730 0.596585 0.547859 0.779442 1
0.696482 0.814811 0.144686 0.950545 0.968563 0.571990 0.154478 0.627898 1
0.662404 0.782197 0.917740 0.293450 0.729487 0.093101 0.034048 0.264936 0
0.008905 0.689846 0.121134 0.856928 0.032390 0.649160 0.426346 0.903645 1
0.386914 0.688781 0.359401 0.359848 0.136501 0.663777 0.603539 0.989063 0
0.510143 0.251030 0.037500 0.168244 0.648046 0.471200 0.594569 0.261678 1
0.227098 0.101018 0.627098 0.736768 0.130026 0.870762 0.819424 0.649645 1
0.506081 0.172646 0.250709 0.069693 0.423004 0.735706 0.320681 0.661964 0
0.941347 0.649311 0.738984 0.122538 0.219716 0.364934 0.950556 0.703148 1
0.151150 0.049385 0.512411 0.999651 0.487879 0.832208 0.993846 0.185867 0
0.488766 0.779947 0.723807 0.780040 0.187516 0.138586 0.406868 0.597013 1
0.982829 0.432726 0.350876 0.515116 0.815326 0.849368 0.272778 0.554760 1
0.096283 0.848444 0.841850 0.506456 0.147355 0.884249 0.363833 0.558777 1
0.985879 0.896421 0.824930 0.061453 0.580766 0.604126 0.499541 0.914167 0
0.469364 0.292647 0.335501 0.343085 0.381330 0.988653 0.410935 0.941969 0
0.721879 0.070151 0.996321 0.876796 0.081942 0.789727 0.969388 0.653423 1
0.295254 0.720685 0.271317 0.799162 0.245296 0.703713 0.977341 0.533734 1
0.528364 0.472947 0.144177 0.714148 0.870270 0.840750 0.537207 0.260454 1
0.183256 0.757578 0.676457 0.428324 0.613836 0.137267 0.742384 0.000791 1
0.093622 0.858189 0.618847 0.210973 0.795857 0.268119 0.198269 0.561188 0
0.659065 0.086930 0.152724 0.269170 0.376030 0.547411 0.854307 0.082282 0
0.152410 0.689044 0.092645 0.810169 0.046685 0.282321 0.066264 0.370732 0
0.133643 0.448299 0.812239 0.176441 0.050337 0.999702 0.849493 0.275096 1
0.432242 0.090774 0.565916 0.900968 0.880228 0.638806 0.777622 0.921127 1
0.942019 0.589607 0.780180 0.776180 0.528710 0.327950 0.568514 0.866404 1
0.962508 0.572745 0.589921 0.257804 0.759251 0.222628 0.789489 0.180257 1
0.039476 0.448534 0.933133 0.704223 0.410154 0.034157 0.337783 0.875801 1
0.717759 0.100574 0.426297 0.079247 0.530584 0.669367 0.014126 0.789646 1
0.944313 0.840471 0.498352 0.405354 0.372181 0.102117 0.570682 0.956745 0
0.832707 0.313087 0.831558 0.226083 0.595419 0.736680 0.279271 0.089674 0
0.423903 0.235371 0.514746 0.673250 0.730108 0.981093 0.983681 0.741158 1
0.288982 0.777284 0.393107 0.343759 0.570448 0.228979 0.152071 0.197802 1
0.570489 0.033329 0.371292 0.731700 0.041012 0.835598 0.951642 0.518728 1
0.517571 0.151695 0.382357 0.609849 0.525608 0.607818 0.716547 0.075250 1
0.702560 0.022123 0.450443 0.924438 0.505534 0.207108 0.817600 0.364387 0
0.595628 0.782369 0.631084 0.949264 0.636188 0.420174 0.470244 0.230971 0
0.156686 0.140843 0.536216 0.712062 0.937449 0.795224 0.782132 0.989917 1
0.259502 0.815066 0.071311 0.659001 0.019709 0.511457 0.447144 0.580010 1
0.444618 0.617345 0.481060 0.488390 0.757412 0.986380 0.373888 0.787057 1
0.266871 0.124068 0.637030 0.978474 0.311608 0.877040 0.803927 0.323992 0
0.335475 0.410695 0.724504 0.812622 0.866852 0.949566 0.991550 0.398684 0
0.372496 0.151185 0.914596 0.800436 0.892531 0.643174 0.023762 0.672023 1
0.998815 0.985321 0.560831 0.967744 0.146792 0.609209 0.263655 0.811240 1
0.563188 0.204707 0.414931 0.931968 0.272116 0.539780 0.590961 0.821394 1
0.999123 0.652767 0.228145 0.510256 0.115693 0.009911 0.241388 0.527988 0
0.365799 0.305234 0.195033 0.375835 0.554990 0.447754 0.104344 0.549827 1
0.584393 0.646325 0.908824 0.074297 0.693534 0.449942 0.391702 0.416072 0
0.318456 0.089341 0.000895 0.407874 0.676079 0.198265 0.849655 0.761840 1
0.352302 0.931446 0.317566 0.220859 0.620350 0.733935 0.244036 0.564322 1
0.453287 0.612266 0.163081 0.279880 0.936065 0.905530 0.128393 0.228645 1
0.564153 0.555245 0.604391 0.120632 0.883334 0.325652 0.901717 0.861400 1
0.037695 0.732774 0.778580 0.962234 0.552244 0.742275 0.509504 0.897556 1
0.170272 0.123546 0.397692 0.698312 0.379645 0.671654 0.367442 0.464730 1
0.152061 0.905534 0.825791 0.398887 0.823709 0.655877 0.431822 0.196073 0
0.879900 0.901003 0.061797 0.798231 0.047922 0.345835 0.298945 0.799930 0
0.245030 0.346755 0.927155 0.103825 0.325869 0.443835 0.384705 0.501624 0
0.652850 0.920184 0.483821 0.201838 0.157304 0.379195 0.259753 0.625252 0
0.925004 0.761649 0.046660 0.629911 0.986102 0.796251 0.093837 0.901872 1
0.003855 0.823005 0.031040 0.190694 0.280182 0.057071 0.818332 0.516773 0
0.309211 0.624017 0.403176 0.086798 0.598513 0.417049 0.111112 0.470153 1
0.212865 0.145500 0.183773 0.337763 0.006834 0.971584 0.174697 0.148518 0
0.283346 0.050087 0.740620 0.223622 0.659239 0.914258 0.559954 0.991295 1
0.824655 0.791395 0.310472 0.937867 0.300568 0.153729 0.513144 0.075060 0
0.789361 0.729281 0.849888 0.217061 0.223250 0.148689 0.171751 0.886934 0
0.473405 0.974551 0.743908 0.738568 0.148151 0.963948 0.575670 0.017314 0
0.680504 0.459992 0.551853 0.464924 0.847184 0.338393 0.166410 0.001858 0
0.169161 0.312285 0.011960 0.077747 0.891109 0.564823 0.318047 0.474165 1
0.481876 0.848030 0.263549 0.238398 0.129774 0.475593 0.893679 0.877895 0
0.643308 0.545131 0.061036 0.890889 0.372942 0.894346 0.366157 0.201914 1
0.971707 0.765305 0.503366 0.526755 0.859771 0.999291 0.372934 0.967667 1
0.292646 0.007263 0.006718 0.422699 0.560745 0.301409 0.988243 0.623026 1
0.761401 0.895620 0.399595 0.030997 0.168771 0.218621 0.763461 0.452839 0
0.468868 0.870984 0.319822 0.952022 0.901531 0.898777 0.449750 0.399594 1
0.671251 0.842091 0.627866 0.419455 0.322600 0.079722 0.040208 0.255001 0
0.191051 0.283269 0.457123 0.130369 0.657027 0.218627 0.619836 0.494302 1
0.500863 0.080306 0.311888 0.051706 0.071926 0.135586 0.526493 0.253784 0
0.063615 0.989348 0.070521 0.125770 0.518831 0.163887 0.562932 0.047601 1
0.089437 0.083835 0.127378 0.953833 0.634067 0.593244 0.544544 0.956262 1
0.456841 0.542065 0.543775 0.754649 0.791359 0.031051 0.188446 0.573814 1
0.219801 0.971369 0.680350 0.536843 0.867668 0.474810 0.188485 0.366904 0
0.147516 0.332520 0.544143 0.280454 0.977045 0.717963 0.720904 0.778774 1
0.476870 0.779034 0.021195 0.666534 0.621209 0.630951 0.030613 0.012003 1
0.001929 0.997101 0.403412 0.669549 0.051179 0.218218 0.226984 0.491594 0
0.280038 0.285466 0.269532 0.783619 0.541032 0.949852 0.165399 0.065896 1
0.263032 0.037069 0.485905 0.150159 0.416453 0.507144 0.794331 0.070307 0
0.421078 0.921718 0.195943 0.257222 0.295522 0.766665 0.403546 0.479726 0
0.516373 0.606707 0.082546 0.192058 0.462363 0.257983 0.569256 0.746516 0
0.098142 0.745517 0.263683 0.973473 0.649917 0.352273 0.601164 0.872708 0
0.847437 0.165179 0.372004 0.649231 0.480925 0.437986 0.510514 0.055900 0
0.287578 0.388409 0.707919 0.356602 0.677657 0.576803 0.294261 0.458632 0
0.707623 0.411375 0.415616 0.081805 0.923679 0.393140 0.208121 0.388583 1
0.134575 0.290857 0.539707 0.716203 0.152285 0.486479 0.572750 0.759603 1
0.357297 0.399078 0.036521 0.903538 0.473794 0.578344 0.778509 0.271646 1
0.067578 0.292163 0.682869 0.888515 0.910088 0.028290 0.117847 0.953128 1
0.615859 0.261904 0.484646 0.869475 0.057545 0.322823 0.413955 0.315738 0
0.444074 0.442116 0.050827 0.319152 0.209757 0.702591 0.931623 0.425085 0
0.675780 0.593072 0.541283 0.595694 0.114590 0.861712 0.848455 0.637819 1
0.298057 0.404682 0.875504 0.693908 0.172404 0.219445 0.106962 0.987629 1
0.496135 0.493473 0.257108 0.720757 0.147187 0.348133 0.893794 0.418733 0
0.381435 0.472257 0.825235 0.550856 0.558836 0.714403 0.453208 0.211593 0
0.609133 0.756273 0.939541 0.413570 0.823621 0.050094 0.734963 0.044955 1
0.586903 0.077125 0.329415 0.632351 0.477591 0.587944 0.467671 0.205725 1
0.657868 0.076659 0.145775 0.409869 0.820754 0.551923 0.780405 0.460358 1
0.778918 0.688487 0.499725 0.372437 0.072159 0.288127 0.314683 0.775858 0
0.614555 0.282748 0.380810 0.154291 0.319625 0.965354 0.470199 0.564931 0
0.574556 0.936469 0.899969 0.319934 0.984467 0.669627 0.529230 0.165313 1
0.962945 0.186483 0.405805 0.250834 0.950037 0.731106 0.428464 0.126895 1
0.543960 0.499910 0.582195 0.895533 0.375823 0.323957 0.815819 0.065559 0
0.772292 0.272309 0.385893 0.096036 0.990194 0.978283 0.520706 0.760421 1
0.030821 0.354408 0.268506 0.929873 0.841095 0.539905 0.299778 0.496672 1
0.461535 0.654493 0.134815 0.541794 0.568213 0.266187 0.512248 0.002811 0
0.057537 0.225976 0.166001 0.570205 0.009085 0.742303 0.533574 0.714049 1
0.381610 0.452217 0.781496 0.409043 0.023875 0.477273 0.111819 0.936351 0
0.578320 0.760732 0.169111 0.304633 0.227508 0.740517 0.401043 0.108358 0
0.109919 0.612822 0.178426 0.676329 0.698079 0.676175 0.066574 0.565738 1
0.134098 0.682958 0.010757 0.254787 0.142275 0.036771 0.836117 0.488871 0
0.461829 0.326936 0.562015 0.399481 0.007137 0.188848 0.530839 0.511476 1
0.965427 0.774277 0.012624 0.088455 0.611835 0.618165 0.277630 0.027487 1
0.562137 0.393706 0.229060 0.359717 0.870649 0.153144 0.621737 0.608203 1
0.148134 0.712611 0.198777 0.601774 0.709439 0.181971 0.837369 0.775203 0
0.018688 0.933680 0.283659 0.280930 0.996708 0.333900 0.221161 0.688960 1
0.113602 0.317924 0.184978 0.218039 0.163296 0.816148 0.893105 0.902573 0
0.019513 0.120576 0.892273 0.690820 0.454349 0.965574 0.783849 0.173399 0
0.812323 0.338490 0.865349 0.522078 0.063115 0.675666 0.103171 0.577054 1
0.360680 0.502813 0.965668 0.880312 0.887147 0.804341 0.829750 0.597291 1
0.818506 0.282541 0.793917 0.414288 0.457790 0.491898 0.136540 0.396821 0
0.478635 0.712940 0.903592 0.957213 0.269032 0.910978 0.916338 0.655739 1
0.618156 0.973417 0.483442 0.005135 0.865246 0.709047 0.497752 0.283592 1
0.351620 0.822433 0.815329 0.548290 0.660277 0.047325 0.123012 0.956417 1
0.441690 0.419306 0.694895 0.450959 0.691561 0.319308 0.266587 0.449154 0
0.925075 0.531627 0.509989 0.432126 0.762306 0.625423 0.973025 0.385464 1
0.529802 0.731328 0.676711 0.177263 0.753398 0.764101 0.909434 0.775774 1
0.570637 0.180009 0.053615 0.639201 0.529707 0.946889 0.485130 0.387696 1
0.857776 0.183558 0.318564 0.227499 0.242765 0.894994 0.354486 0.241374 0
0.669775 0.796144 0.907507 0.096706 0.871326 0.896494 0.901436 0.816753 1
0.839884 0.993991 0.863366 0.720943 0.113793 0.676598 0.797989 0.329188 0
0.614086 0.139431 0.461168 0.525931 0.666499 0.527456 0.388894 0.224815 1
0.187957 0.334708 0.267842 0.531146 0.858920 0.237370 0.024501 0.030004 0
0.034247 0.661938 0.801920 0.226271 0.634731 0.461535 0.592160 0.169710 1
0.655193 0.575494 0.002201 0.615946 0.168224 0.337854 0.563401 0.100136 0
0.907653 0.403176 0.205076 0.281910 0.457092 0.193124 0.878878 0.665953 0
0.940094 0.344743 0.145777 0.624451 0.837559 0.722915 0.216007 0.547836 1
0.283791 0.366962 0.598993 0.571299 0.145917 0.495363 0.887896 0.914327 1
0.596902 0.406106 0.440065 0.462632 0.569632 0.773169 0.497558 0.920072 1
0.243205 0.392703 0.774232 0.500716 0.917996 0.153152 0.377747 0.773541 1
0.201487 0.878974 0.696743 0.007318 0.878067 0.474836 0.460113 0.884996 0
0.804673 0.874413 0.978961 0.405258 0.152017 0.104610 0.545586 0.131113 1
0.830215 0.492173 0.426765 0.330022 0.780537 0.647740 0.036762 0.710119 1
0.435945 0.932407 0.808378 0.413755 0.510470 0.047637 0.205979 0.275147 0
0.351794 0.904884 0.130017 0.457612 0.254392 0.993194 0.690523 0.269952 0
0.794913 0.540501 0.491123 0.681596 0.603627 0.102370 0.520993 0.998422 0
0.513492 0.302988 0.202547 0.576032 0.510056 0.829404 0.333312 0.651921 1
0.407155 0.828089 0.109304 0.945073 0.369485 0.030337 0.631207 0.591500 0
0.119859 0.768250 0.231026 0.210619 0.409131 0.214858 0.693022 0.479119 0
0.541747 0.465884 0.536890 0.434265 0.166290 0.776785 0.396227 0.107722 0
0.234818 0.526822 0.675339 0.733687 0.826051 0.105933 0.516731 0.174257 0
0.836400 0.339446 0.366084 0.391031 0.123042 0.514136 0.078411 0.079517 0
0.884701 0.629191 0.598435 0.623923 0.569100 0.387087 0.102071 0.586155 1
0.875361 0.272681 0.362451 0.148735 0.303918 0.194448 0.151555 0.112541 0
0.196682 0.496166 0.931649 0.089967 0.548374 0.480481 0.304266 0.928529 0
0.911970 0.521848 0.333707 0.018251 0.370629 0.446148 0.551156 0.150938 0
0.861326 0.152738 0.725651 0.908184 0.318756 0.893620 0.896936 0.058139 0
0.202190 0.184798 0.327542 0.630982 0.848092 0.634420 0.863528 0.378455 1
0.875935 0.467624 0.932778 0.476054 0.179936 0.452725 0.856048 0.192223 1
0.242338 0.556783 0.934932 0.215357 0.986878 0.158682 0.420679 0.165195 0
0.948816 0.955024 0.675205 0.514795 0.158700 0.705013 0.400389 0.132821 0
0.055003 0.034663 0.872197 0.624647 0.305708 0.620702 0.377999 0.308484 0
0.340111 0.064070 0.010433 0.354368 0.875326 0.475401 0.646699 0.877316 1
0.921827 0.003419 0.821138 0.518693 0.997319 0.458069 0.901851 0.417395 0
0.107634 0.011697 0.777803 0.595556 0.639136 0.569268 0.050918 0.402348 0
0.352050 0.886916 0.479418 0.469763 0.539742 0.124595 0.005761 0.048771 1
0.052898 0.458894 0.173406 0.581149 0.376839 0.919180 0.713247 0.133239 1
0.433024 0.460207 0.768597 0.766786 0.344090 0.348677 0.120569 0.995777 1
0.142063 0.199053 0.353414 0.520696 0.463586 0.556181 0.822838 0.305006 1
0.790496 0.889612 0.056475 0.867043 0.609967 0.838715 0.063955 0.164462 1
0.455572 0.232010 0.743456 0.834005 0.275521 0.765357 0.405882 0.983091 1
0.222812 0.987845 0.785636 0.709169 0.835926 0.284759 0.598477 0.529968 1
0.116280 0.202150 0.558221 0.967446 0.262973 0.940356 0.298309 0.753537 1
0.276102 0.969538 0.246611 0.186108 0.343906 0.446045 0.014218 0.097806 0
0.728869 0.294102 0.219291 0.652541 0.208968 0.316389 0.348751 0.658673 0
0.859510 0.235512 0.893412 0.425121 0.093093 0.371938 0.938729 0.202606 1
0.752182 0.462849 0.123469 0.064205 0.242234 0.549775 0.621027 0.666275 0
0.562733 0.021198 0.343019 0.507814 0.532702 0.941911 0.133207 0.525933 1
0.519123 0.326973 0.170336 0.112772 0.120306 0.403012 0.007765 0.916831 0
0.809108 0.502287 0.846526 0.209942 0.193330 0.235659 0.800912 0.877959 1
0.274239 0.492726 0.961164 0.012884 0.829972 0.804387 0.426127 0.124972 0
0.571251 0.439696 0.410705 0.797239 0.142819 0.944049 0.903696 0.433966 1
0.501857 0.090272 0.528749 0.707444 0.271524 0.206012 0.701330 0.811941 1
0.253353 0.699132 0.278682 0.505414 0.863716 0.404771 0.404437 0.183323 0
0.450396 0.644928 0.270145 0.641068 0.930404 0.966540 0.082432 0.230577 1
0.513192 0.186273 0.312702 0.247162 0.889556 0.852535 0.601120 0.190517 1
0.189681 0.220005 0.386402 0.821341 0.673164 0.284976 0.775318 0.124094 0
0.014731 0.073060 0.180646 0.879469 0.385307 0.409648 0.870871 0.436571 0
0.257903 0.981820 0.471943 0.309868 0.718471 0.587952 0.663004 0.499326 1
0.845718 0.980546 0.999455 0.859343 0.286918 0.026196 0.698552 0.841393 1
0.174263 0.216962 0.491163 0.078522 0.049660 0.223378 0.630440 0.984144 0
0.228740 0.970950 0.509706 0.682968 0.973046 0.954068 0.032008 0.364487 0
0.567691 0.462979 0.001045 0.162345 0.316044 0.763353 0.202666 0.644875 0
0.114795 0.356191 0.933672 0.970344 0.533390 0.298406 0.647295 0.666297 1
0.057475 0.176954 0.739216 0.967812 0.296844 0.507824 0.384103 0.989834 1
0.291877 0.038940 0.500859 0.725558 0.863839 0.242768 0.369009 0.360577 0
0.554428 0.928243 0.829081 0.126306 0.831600 0.435853 0.585194 0.872628 1
0.780474 0.639726 0.264748 0.137877 0.770092 0.909719 0.652667 0.884562 1
0.638748 0.915221 0.519890 0.424430 0.955640 0.694518 0.069925 0.286461 0
0.759314 0.040164 0.797818 0.280727 0.764087 0.178312 0.675597 0.000467 1
0.219246 0.288472 0.932379 0.960255 0.377800 0.840349 0.899431 0.301425 0
0.912905 0.455422 0.529800 0.447968 0.598782 0.671126 0.528699 0.473106 1
0.404353 0.965334 0.324923 0.632645 0.463136 0.099095 0.222543 0.196575 0
0.183473 0.960379 0.005120 0.222361 0.845574 0.000199 0.844152 0.352274 1
0.955077 0.712480 0.122207 0.357037 0.267594 0.585030 0.913595 0.419537 0
0.004937 0.367536 0.966760 0.797918 0.595524 0.880252 0.818947 0.974048 1
0.655757 0.339873 0.439358 0.444240 0.097271 0.354638 0.454799 0.362269 0
0.548579 0.700118 0.550567 0.288626 0.750459 0.906209 0.754477 0.647598 1
0.982826 0.111842 0.180778 0.689976 0.484946 0.859141 0.319560 0.378659 1
0.839366 0.282379 0.828432 0.293175 0.094651 0.116984 0.300425 0.348220 0
0.667899 0.659032 0.496389 0.025613 0.884915 0.431913 0.931658 0.613163 1
0.961529 0.709239 0.956240 0.711528 0.086655 0.580915 0.485360 0.340032 0
0.583544 0.710282 0.930578 0.543983 0.604085 0.053232 0.777771 0.125064 0
0.766353 0.445881 0.774175 0.250748 0.108424 0.954116 0.527579 0.592378 1
0.013378 0.501958 0.951186 0.667198 0.837295 0.137613 0.408554 0.877478 1
0.823481 0.884754 0.729071 0.139947 0.487035 0.724585 0.126653 0.455702 0
0.257046 0.070543 0.707520 0.075895 0.648220 0.974197 0.206546 0.998653 0
0.787710 0.462364 0.607914 0.032428 0.983583 0.733052 0.992716 0.823404 1
0.291353 0.169333 0.423217 0.561795 0.684622 0.178389 0.478796 0.447920 0
0.703967 0.959544 0.450859 0.995850 0.468015 0.081659 0.871814 0.558405 0
0.947116 0.316124 0.459126 0.576358 0.639937 0.627442 0.202004 0.118345 1
0.239156 0.802883 0.008030 0.168534 0.846840 0.921164 0.889313 0.474847 1
0.976720 0.233754 0.059536 0.570154 0.007015 0.155667 0.718280 0.254851 0
0.762635 0.548677 0.870038 0.777936 0.775849 0.929418 0.482391 0.692824 1
0.534620 0.970453 0.063915 0.113404 0.141367 0.802648 0.442901 0.517110 0
0.764373 0.794218 0.213600 0.933860 0.118439 0.425329 0.925094 0.031588 0
0.898273 0.739490 0.201947 0.386924 0.808262 0.326819 0.552568 0.500051 1
0.194485 0.802620 0.134822 0.330677 0.685142 0.463466 0.644812 0.674177 1
0.089531 0.777481 0.348704 0.583943 0.569164 0.892052 0.134233 0.550204 1
0.211758 0.295488 0.584553 0.683022 0.650170 0.493341 0.681313 0.646848 1
0.748232 0.360124 0.496210 0.388550 0.068915 0.369167 0.955956 0.314743 0
0.911656 0.837683 0.283660 0.823870 0.637721 0.184324 0.100694 0.178311 0
0.267233 0.323347 0.177236 0.778624 0.001712 0.323280 0.985784 0.467578 0
0.682134 0.310284 0.171793 0.467823 0.211294 0.658384 0.554647 0.371324 0
0.240592 0.701768 0.699249 0.638685 0.674943 0.062530 0.363482 0.808967 1
0.665705 0.529378 0.037414 0.115365 0.620412 0.554217 0.896740 0.483710 1
0.461472 0.594320 0.130228 0.389074 0.026942 0.121905 0.078423 0.744237 0
0.201676 0.301366 0.165461 0.915202 0.165341 0.269723 0.900904 0.395005 0
0.990017 0.328266 0.030636 0.131742 0.811701 0.715499 0.469232 0.929389 1
0.759679 0.671401 0.118651 0.652637 0.328848 0.270914 0.170748 0.917565 0
0.024144 0.964902 0.296089 0.195180 0.918385 0.722240 0.010189 0.405929 1
0.773968 0.077736 0.942063 0.939953 0.251600 0.165572 0.731999 0.156302 0
0.544594 0.590299 0.970218 0.085987 0.449473 0.149751 0.992315 0.168338 1
0.970956 0.063978 0.235467 0.111597 0.935248 0.729317 0.182529 0.665271 1
0.106264 0.357163 0.752298 0.644631 0.269160 0.662713 0.358028 0.032910 0
0.661129 0.543487 0.460555 0.864582 0.247490 0.028520 0.656904 0.258507 0
0.739817 0.494394 0.770520 0.284853 0.630269 0.449371 0.361347 0.207941 0
0.538047 0.315672 0.326239 0.588892 0.725886 0.910999 0.520838 0.812123 1
0.138072 0.703963 0.575992 0.079386 0.380903 0.222819 0.834089 0.995009 1
0.882620 0.192568 0.158391 0.794658 0.490911 0.885954 0.875263 0.786859 1
0.306706 0.559136 0.997585 0.116648 0.609864 0.976432 0.336165 0.159472 0
0.370579 0.105062 0.151184 0.994935 0.267577 0.230040 0.365206 0.165181 0
0.699505 0.514987 0.037935 0.109018 0.799067 0.237942 0.078586 0.356009 1
0.223537 0.769313 0.921335 0.351972 0.259750 0.453286 0.653429 0.609227 1
0.157837 0.447969 0.031680 0.643289 0.627580 0.472543 0.510835 0.658827 0
0.120038 0.998726 0.006671 0.728966 0.176302 0.036946 0.115158 0.222352 0
0.425846 0.931355 0.388188 0.072809 0.169425 0.779112 0.307064 0.142379 0
0.305350 0.082932 0.066166 0.537533 0.025188 0.995320 0.123760 0.035667 1
0.535078 0.817039 0.451600 0.399938 0.844309 0.445225 0.498281 0.544039 1
0.017611 0.795168 0.587619 0.080842 0.468271 0.933560 0.090896 0.813663 0
0.204706 0.141954 0.147140 0.959577 0.634957 0.090761 0.698044 0.052984 0
0.411199 0.759045 0.468167 0.711787 0.961099 0.807067 0.963796 0.790345 1
0.101639 0.690878 0.790767 0.722657 0.818105 0.552048 0.717804 0.941140 1
0.738493 0.741351 0.386892 0.793281 0.149274 0.966172 0.853351 0.247221 1
0.081228 0.217488 0.220263 0.561593 0.170080 0.180627 0.024433 0.837735 0
0.367793 0.506967 0.381635 0.843969 0.455915 0.783891 0.220306 0.268627 1
0.771980 0.651362 0.434078 0.280179 0.572984 0.578055 0.883606 0.972142 1
0.160632 0.590622 0.786729 0.605519 0.700730 0.513246 0.638693 0.969670 1
0.013933 0.543507 0.199517 0.713244 0.152487 0.870382 0.175396 0.133217 1
0.559693 0.995148 0.752134 0.983419 0.703919 0.505028 0.817100 0.515472 1
0.142076 0.482849 0.236818 0.711219 0.603270 0.126043 0.131036 0.434695 0
0.956145 0.769844 0.117731 0.837254 0.120291 0.609891 0.080811 0.069926 1
0.964141 0.083423 0.372326 0.124623 0.388879 0.231187 0.228593 0.312187 0
0.039534 0.862453 0.133988 0.592925 0.898674 0.621256 0.190270 0.550537 1
0.953528 0.822028 0.038789 0.868184 0.912103 0.318477 0.809078 0.296900 0
0.261258 0.380356 0.158892 0.069841 0.555469 0.358152 0.065459 0.663996 1
0.752061 0.529655 0.511171 0.864758 0.031606 0.491415 0.405346 0.756294 1
0.111199 0.807467 0.898408 0.618935 0.045840 0.552816 0.570861 0.405534 0
0.159423 0.296733 0.393588 0.380551 0.548918 0.899972 0.925145 0.406318 1
0.781654 0.161520 0.446114 0.485125 0.933250 0.137668 0.616041 0.341569 1
0.456641 0.286609 0.948182 0.682874 0.705987 0.650640 0.320735 0.683417 1
0.334748 0.244470 0.519049 0.573478 0.290372 0.979461 0.743608 0.778971 1
0.248577 0.183841 0.306503 0.843189 0.591157 0.972103 0.502025 0.043880 1
0.401653 0.922861 0.981862 0.927523 0.284939 0.306852 0.783316 0.765672 1
0.739599 0.504324 0.422964 0.193691 0.783543 0.447461 0.648636 0.205352 1
0.050964 0.314280 0.265524 0.997068 0.687362 0.942390 0.711680 0.356070 1
0.610389 0.046450 0.634509 0.437816 0.873264 0.155250 0.183412 0.664620 0
0.313717 0.702444 0.647298 0.138581 0.801938 0.208890 0.322904 0.434577 0
0.236723 0.246643 0.033443 0.716690 0.608995 0.022780 0.061924 0.574286 0
0.284684 0.594310 0.779745 0.057553 0.844083 0.262010 0.172359 0.433943 0
0.106335 0.076080 0.644855 0.963844 0.236442 0.512140 0.464883 0.575291 1
0.034976 0.783280 0.882598 0.853328 0.551986 0.240740 0.803852 0.648170 1
0.120055 0.089308 0.594559 0.846679 0.891629 0.781899 0.992377 0.525931 1
0.732539 0.116588 0.819768 0.017735 0.976188 0.647818 0.162146 0.124107 0
0.840612 0.966220 0.580508 0.027868 0.619632 0.186641 0.133744 0.391261 0
0.862929 0.965389 0.083833 0.788410 0.214526 0.740112 0.646473 0.100906 1
0.464166 0.272090 0.588000 0.286827 0.784114 0.887272 0.700655 0.559099 1
0.518679 0.249235 0.599567 0.255546 0.836717 0.382553 0.797272 0.109636 1
0.467528 0.447337 0.195513 0.071374 0.272163 0.467751 0.751525 0.372786 0
0.432721 0.476438 0.946543 0.726709 0.703593 0.655608 0.942914 0.388845 0
0.824874 0.711432 0.386971 0.443596 0.306137 0.946995 0.181552 0.730757 0
0.464353 0.519684 0.857178 0.521179 0.660677 0.862934 0.995245 0.593233 1
0.933107 0.920156 0.711420 0.635197 0.206789 0.521540 0.693368 0.436722 0
0.366676 0.931043 0.763379 0.470626 0.287038 0.023999 0.274613 0.414698 0
0.788262 0.843486 0.827151 0.257301 0.070474 0.495435 0.372889 0.807972 0
0.871523 0.153651 0.854791 0.644237 0.490700 0.662056 0.643944 0.430873 0
0.320770 0.327786 0.898682 0.343891 0.266885 0.262581 0.734097 0.333353 1
0.835205 0.186813 0.063237 0.541649 0.594565 0.296662 0.451365 0.935954 0
0.799528 0.855940 0.982541 0.025880 0.636782 0.960807 0.514842 0.087939 1
0.571956 0.990910 0.480994 0.821791 0.588354 0.910653 0.714440 0.495296 1
0.202737 0.065918 0.117304 0.374015 0.273392 0.987967 0.932771 0.167490 0
0.002826 0.620432 0.794199 0.487700 0.413185 0.984434 0.394016 0.456422 0
0.188083 0.940571 0.868362 0.685896 0.228468 0.630748 0.631793 0.101775 0
0.845766 0.535552 0.761299 0.019792 0.121273 0.486846 0.055381 0.591880 0
0.737908 0.158883 0.267103 0.371916 0.855822 0.784868 0.079698 0.123398 1
0.314976 0.542903 0.776013 0.086410 0.192918 0.948741 0.592371 0.811870 1
0.999673 0.323792 0.157963 0.136991 0.760496 0.032346 0.398315 0.705172 1
0.194595 0.096474 0.090816 0.893414 0.589632 0.388155 0.019550 0.460483 0
0.230757 0.808438 0.517015 0.053752 0.500923 0.455162 0.994374 0.144486 1
0.940334 0.087382 0.733852 0.151218 0.273863 0.315013 0.502209 0.300502 1
0.597329 0.799305 0.865381 0.527545 0.848697 0.170196 0.742341 0.293668 0
0.186780 0.354835 0.861408 0.557909 0.636023 0.613820 0.336464 0.488264 0
0.505284 0.327372 0.098618 0.059164 0.320728 0.869658 0.752068 0.453720 0
0.449897 0.392008 0.404160 0.257600 0.695493 0.708086 0.129260 0.466261 1
0.758676 0.652179 0.354418 0.907181 0.913352 0.208639 0.365954 0.886402 0
0.787689 0.025914 0.122137 0.843239 0.642708 0.936533 0.792761 0.353023 1
0.550369 0.762386 0.870777 0.526360 0.052987 0.642974 0.581885 0.696837 1
0.362204 0.130925 0.248391 0.550447 0.473723 0.700288 0.296116 0.072025 1
0.452738 0.122572 0.558290 0.927834 0.157021 0.303750 0.670983 0.841769 1
0.998181 0.133942 0.868316 0.294546 0.590968 0.497884 0.353229 0.281509 0
0.243242 0.050390 0.567404 0.053620 0.409706 0.538975 0.742295 0.408081 1
0.531526 0.742281 0.710469 0.820800 0.574093 0.135296 0.572416 0.324277 0
0.361338 0.688448 0.568640 0.164763 0.366868 0.655130 0.755316 0.753540 1
0.211249 0.213818 0.975534 0.230003 0.774173 0.294724 0.407004 0.153948 0
0.680630 0.364797 0.843639 0.969165 0.093625 0.587020 0.267576 0.941954 1
0.065358 0.210071 0.809102 0.194830 0.114651 0.564267 0.306212 0.365638 0
0.916027 0.800888 0.461316 0.638970 0.305725 0.356381 0.019510 0.910441 0
0.703884 0.262706 0.454192 0.304558 0.204145 0.242160 0.684672 0.053716 0
0.380347 0.393043 0.078645 0.175282 0.883167 0.845965 0.159716 0.503302 1
0.355912 0.570266 0.342628 0.223725 0.020026 0.917011 0.269526 0.338779 0
0.564371 0.322415 0.451027 0.132732 0.573950 0.283225 0.571533 0.395573 1
0.173877 0.856140 0.263516 0.458431 0.789398 0.420019 0.064060 0.240931 1
0.367830 0.133028 0.638225 0.136005 0.657800 0.120048 0.144499 0.562184 0
0.706478 0.549637 0.082785 0.439637 0.554991 0.163557 0.641908 0.540842 1
0.224110 0.266224 0.273496 0.829760 0.794487 0.945358 0.427783 0.730514 1
0.219409 0.590519 0.871091 0.016130 0.551318 0.309778 0.702532 0.638216 1
0.778401 0.741048 0.583907 0.848973 0.210649 0.101557 0.030337 0.260450 0
0.486096 0.282907 0.838539 0.085990 0.944256 0.814288 0.412060 0.130361 0
0.362395 0.443029 0.316576 0.188404 0.497597 0.231697 0.514772 0.728845 0
0.355436 0.426234 0.162636 0.863441 0.695118 0.089252 0.749596 0.910892 0
0.660287 0.021943 0.391803 0.026893 0.753401 0.100675 0.032346 0.212860 1
0.112310 0.322315 0.755436 0.723811 0.872830 0.318371 0.861852 0.383429 0
0.042079 0.511591 0.452111 0.392819 0.599818 0.435096 0.142634 0.360258 1
0.824612 0.519986 0.265744 0.293741 0.265207 0.043022 0.889442 0.244689 0
0.710905 0.262423 0.966252 0.237158 0.941655 0.270615 0.562901 0.165623 1
0.827427 0.819039 0.373227 0.791024 0.812338 0.279953 0.857555 0.394288 0
0.770405 0.592400 0.578820 0.756651 0.363491 0.221598 0.937620 0.286581 0
0.789374 0.078429 0.608708 0.905134 0.095343 0.698198 0.527200 0.205016 0
0.181266 0.897507 0.369745 0.906284 0.443963 0.414885 0.672724 0.293817 0
0.733087 0.909190 0.661285 0.889821 0.239840 0.654552 0.242463 0.950009 1
0.394884 0.855021 0.935392 0.569307 0.268790 0.298322 0.865189 0.695404 1
0.436457 0.760893 0.499961 0.871615 0.836292 0.413264 0.455055 0.588564 0
0.537014 0.860409 0.786703 0.061843 0.755858 0.311427 0.549327 0.263896 1
0.186825 0.295377 0.502658 0.485688 0.444769 0.173981 0.032816 0.585867 0
0.434494 0.470877 0.686403 0.103879 0.335703 0.409711 0.772656 0.642700 1
0.226601 0.293335 0.417797 0.328455 0.930490 0.909171 0.088732 0.666949 1
0.884579 0.083560 0.909823 0.157684 0.739726 0.667370 0.425759 0.295360 0
0.578553 0.734999 0.714137 0.481700 0.476817 0.576228 0.620414 0.839244 1
0.434896 0.200431 0.261586 0.097386 0.936634 0.494612 0.483901 0.646630 1
0.792791 0.777654 0.680990 0.193812 0.586760 0.220100 0.596746 0.989630 1
0.044186 0.545614 0.870691 0.143717 0.930391 0.346689 0.274956 0.951136 0
0.097115 0.478456 0.726570 0.042833 0.329327 0.616274 0.782826 0.914615 1
0.706634 0.193839 0.952373 0.357463 0.081437 0.815007 0.406536 0.511249 0
0.112453 0.228602 0.593338 0.794327 0.569154 0.573408 0.036395 0.169631 0
0.944245 0.295786 0.510362 0.438327 0.208663 0.104797 0.216649 0.992289 0
0.902635 0.991771 0.167499 0.402752 0.154673 0.601583 0.835695 0.246996 0
0.898391 0.472943 0.145368 0.026337 0.964996 0.890248 0.147672 0.764902 1
0.886303 0.218906 0.766242 0.206427 0.340140 0.793422 0.222421 0.504302 0
0.297582 0.179252 0.325571 0.354161 0.955387 0.330118 0.668216 0.563908 1
0.630917 0.457283 0.538685 0.011840 0.504107 0.592117 0.992979 0.773634 1
0.490479 0.735209 0.449982 0.502129 0.991113 0.544055 0.454040 0.193252 1
0.632236 0.434458 0.084249 0.435826 0.267044 0.156927 0.140586 0.761395 0
0.545622 0.272149 0.426973 0.992465 0.452890 0.701920 0.217210 0.400221 1
0.362684 0.101455 0.358172 0.436516 0.620510 0.778604 0.434589 0.659796 1
0.377350 0.229940 0.118701 0.677453 0.839990 0.381632 0.674504 0.631251 0
0.073372 0.745546 0.613207 0.700935 0.913116 0.738725 0.536873 0.234063 0
0.994167 0.185063 0.720825 0.732466 0.711170 0.498998 0.303775 0.809669 1
0.696662 0.207578 0.276915 0.779233 0.050580 0.310321 0.123019 0.727580 0
0.564774 0.455483 0.497487 0.224573 0.997579 0.053997 0.853582 0.254538 1
0.858199 0.130207 0.091053 0.809001 0.440337 0.647334 0.317133 0.551794 1
0.387501 0.770581 0.292333 0.271159 0.709230 0.577525 0.426807 0.572339 1
0.359142 0.696094 0.417202 0.269495 0.806237 0.900322 0.090560 0.601410 1
0.888435 0.669649 0.182146 0.603731 0.275184 0.683903 0.314586 0.422744 1
0.257259 0.070435 0.806352 0.235595 0.848782 0.850857 0.295202 0.537880 0
0.555682 0.010542 0.848847 0.313919 0.490830 0.137627 0.072916 0.137963 0
0.871832 0.682302 0.925570 0.590430 0.853941 0.861555 0.167814 0.641893 1
0.540718 0.386159 0.942685 0.565283 0.669251 0.101505 0.577609 0.277493 0
0.385838 0.728460 0.009936 0.615382 0.357409 0.994356 0.289282 0.754753 1
0.550579 0.479386 0.991540 0.772235 0.715783 0.333037 0.800158 0.768898 1
0.409256 0.203042 0.082730 0.371635 0.658066 0.123556 0.305751 0.181965 1
0.526175 0.823566 0.432995 0.857137 0.402140 0.812017 0.345496 0.040864 1
0.068372 0.253960 0.990222 0.508367 0.263617 0.275155 0.832778 0.280238 0
0.842237 0.457911 0.585407 0.416723 0.947379 0.939903 0.747929 0.533581 1
0.570840 0.227628 0.687814 0.657160 0.179705 0.507094 0.181080 0.535760 1
0.328363 0.737685 0.397525 0.280721 0.480913 0.066390 0.444314 0.627249 0
0.713511 0.243285 0.716309 0.188083 0.113944 0.205787 0.924637 0.822060 1
0.388574 0.823833 0.707535 0.519252 0.623810 0.519838 0.624865 0.636134 1
0.888447 0.295998 0.598637 0.516457 0.574437 0.887846 0.027503 0.532671 1
0.166750 0.492082 0.190424 0.964885 0.531838 0.252231 0.176042 0.063162 0
0.010193 0.363653 0.873877 0.738407 0.684119 0.474370 0.360033 0.376941 0
0.893378 0.966632 0.928033 0.854326 0.325414 0.449371 0.182210 0.270323 0
0.021259 0.627504 0.306975 0.187596 0.599098 0.754304 0.062433 0.097001 1
0.974964 0.329447 0.882895 0.867914 0.806833 0.886586 0.430069 0.421044 0
0.955609 0.647527 0.165902 0.446991 0.295730 0.657166 0.808890 0.996206 0
0.572215 0.324073 0.152215 0.350119 0.154773 0.976389 0.681642 0.120098 0
0.919045 0.869726 0.510991 0.745240 0.670420 0.367029 0.945370 0.178278 0
0.758112 0.160444 0.170957 0.837823 0.416291 0.988613 0.129106 0.658736 1
0.372542 0.287885 0.643987 0.878820 0.545540 0.430395 0.044203 0.398531 0
0.208903 0.036972 0.181419 0.216020 0.806342 0.770417 0.187955 0.954888 1
0.480558 0.582654 0.027716 0.079944 0.782145 0.092754 0.369369 0.020670 1
0.137531 0.355372 0.384662 0.283136 0.095811 0.828647 0.414331 0.961109 0
0.736056 0.925592 0.361530 0.947453 0.348365 0.514434 0.545335 0.796887 1
0.474167 0.884428 0.282896 0.313613 0.327356 0.608787 0.868735 0.638946 0
0.320484 0.058346 0.546733 0.316407 0.447200 0.039374 0.893821 0.648194 1
0.470110 0.046311 0.216094 0.919787 0.566635 0.981399 0.898068 0.993273 1
0.654147 0.575839 0.146910 0.553371 0.053716 0.963509 0.689494 0.114072 1
0.696799 0.365066 0.208590 0.581092 0.000640 0.335460 0.219637 0.693365 0
0.390595 0.963373 0.631843 0.824000 0.605669 0.407110 0.045407 0.086991 0
0.883684 0.996257 0.832687 0.868780 0.130578 0.887331 0.621899 0.666031 1
0.802943 0.938198 0.093183 0.138826 0.005556 0.219904 0.771381 0.329792 0
0.158502 0.835346 0.588960 0.923625 0.942374 0.717558 0.960032 0.686726 1
0.613254 0.715949 0.231643 0.570184 0.960423 0.097911 0.048474 0.660982 0
0.915109 0.745489 0.683158 0.654368 0.030866 0.126403 0.893005 0.716402 1
0.104451 0.433856 0.333844 0.624987 0.697030 0.132490 0.927560 0.688671 0
0.310596 0.132319 0.016384 0.484514 0.237872 0.784236 0.185702 0.633828 0
0.104755 0.705259 0.653270 0.780407 0.051103 0.101820 0.474856 0.531757 1
0.745303 0.439653 0.452942 0.277838 0.555187 0.747404 0.746316 0.060655 1
0.567050 0.422025 0.957848 0.628548 0.387217 0.525461 0.108252 0.859570 1
0.063645 0.222038 0.823781 0.032875 0.819046 0.894106 0.363743 0.979241 0
0.704284 0.494295 0.533375 0.583642 0.460690 0.782101 0.152689 0.671747 1
0.594288 0.452786 0.441628 0.204680 0.082538 0.213098 0.015771 0.614204 0
0.799314 0.596036 0.343668 0.266937 0.721404 0.323313 0.379705 0.505462 1
0.518796 0.341101 0.687371 0.292099 0.479686 0.480792 0.758722 0.751081 1
0.541257 0.285461 0.652937 0.700358 0.950504 0.803213 0.713602 0.649492 1
0.790757 0.843424 0.751863 0.809580 0.114382 0.003979 0.308965 0.747301 1
0.024006 0.871929 0.843914 0.682003 0.454500 0.929106 0.483289 0.328220 0
0.587431 0.233348 0.830741 0.307822 0.849722 0.993842 0.473120 0.395464 0
0.814845 0.363567 0.536591 0.709056 0.789024 0.770774 0.902537 0.505489 1
0.383132 0.885159 0.214539 0.798364 0.003876 0.866489 0.543159 0.663609 1
0.796271 0.097410 0.278710 0.767601 0.068789 0.757501 0.754247 0.428254 1
0.790277 0.300673 0.243508 0.065271 0.866265 0.959945 0.488828 0.685722 1
0.443959 0.996573 0.637691 0.583417 0.615567 0.875751 0.078232 0.129774 0
0.577606 0.620645 0.767113 0.500625 0.240054 0.552646 0.785686 0.915894 1
0.194832 0.680921 0.374444 0.889969 0.842864 0.599451 0.098428 0.375628 1
0.583448 0.995005 0.632050 0.453793 0.499353 0.838608 0.872931 0.082946 1
0.178191 0.314852 0.812801 0.745885 0.593627 0.686615 0.982031 0.898199 1
0.127555 0.860224 0.964068 0.073480 0.275978 0.147328 0.159232 0.085981 0
0.646051 0.918504 0.120685 0.266570 0.619283 0.903051 0.657254 0.186347 1
0.733402 0.380547 0.858061 0.692787 0.109022 0.153813 0.995912 0.376696 0
0.391821 0.122823 0.194301 0.625344 0.120286 0.967169 0.308941 0.853154 1
0.138314 0.222246 0.796255 0.295162 0.332154 0.702534 0.678618 0.251337 1
0.476933 0.603994 0.414372 0.676493 0.549450 0.363086 0.866810 0.661468 0
0.808389 0.284863 0.090420 0.980266 0.428945 0.397411 0.264660 0.334844 0
0.995859 0.203175 0.172117 0.650366 0.256003 0.592283 0.795608 0.287476 1
0.907625 0.523586 0.007017 0.941011 0.457425 0.204713 0.566096 0.477182 0
0.607222 0.023453 0.535433 0.790627 0.364256 0.828899 0.888207 0.680843 1
0.770068 0.488437 0.038276 0.408171 0.957860 0.777633 0.091598 0.020237 1
0.006176 0.412294 0.895947 0.272884 0.174057 0.028018 0.811696 0.490871 1
0.090965 0.508742 0.474579 0.231573 0.041282 0.408096 0.354419 0.269496 0
0.708033 0.723384 0.079095 0.573913 0.803909 0.060688 0.383800 0.972794 0
0.648909 0.847617 0.927354 0.774300 0.413708 0.946158 0.624630 0.759040 1
0.796912 0.203076 0.854303 0.886134 0.746675 0.501333 0.681043 0.626215 1
0.081525 0.573703 0.531235 0.031488 0.632561 0.050092 0.302001 0.377531 0
0.163210 0.680282 0.214155 0.770214 0.644227 0.666025 0.695669 0.308866 1
0.860875 0.859699 0.221576 0.907413 0.678029 0.901072 0.712138 0.914317 1
0.007011 0.492179 0.531434 0.739091 0.626439 0.123234 0.423392 0.654524 1
0.477639 0.216776 0.856029 0.705881 0.597611 0.561196 0.407519 0.903674 1
0.014539 0.695173 0.357108 0.478131 0.573842 0.919367 0.863374 0.045397 1
0.163245 0.216817 0.579885 0.793724 0.213068 0.544809 0.001008 0.042796 0
0.234057 0.012121 0.102033 0.962410 0.794703 0.203528 0.157509 0.437573 0
0.082301 0.337732 0.177662 0.868543 0.632943 0.914628 0.368003 0.440132 1
0.224925 0.372539 0.936618 0.883259 0.199315 0.717271 0.645521 0.639059 1
0.328820 0.957518 0.745753 0.715826 0.875476 0.955306 0.468806 0.843522 1
0.983021 0.146910 0.875464 0.847106 0.669957 0.910026 0.266952 0.884428 1
0.926918 0.555974 0.097530 0.024315 0.176394 0.524969 0.351351 0.173149 0
0.335756 0.165626 0.812809 0.806151 0.728859 0.375291 0.142774 0.997838 1
0.427955 0.585098 0.901252 0.668841 0.794545 0.547834 0.831165 0.631135 1
0.127523 0.156914 0.054758 0.899386 0.534962 0.808415 0.528281 0.970076 1
0.632477 0.851391 0.176105 0.616238 0.446553 0.723025 0.703097 0.297321 1
0.108401 0.738070 0.745537 0.025778 0.957385 0.552211 0.581775 0.736962 1
0.608651 0.963477 0.960808 0.807668 0.558520 0.954014 0.549011 0.259491 0
0.116170 0.917474 0.623361 0.726502 0.892857 0.412570 0.529260 0.748298 1
0.687162 0.917916 0.166108 0.111861 0.770541 0.796681 0.267193 0.214179 1
0.776225 0.595355 0.819227 0.762808 0.366279 0.548177 0.242468 0.281453 0
0.408462 0.044434 0.219443 0.068619 0.499382 0.445293 0.965730 0.536890 0
0.052017 0.820503 0.288152 0.189806 0.129382 0.478426 0.074478 0.409776 0
0.257655 0.362912 0.427883 0.166528 0.295922 0.713233 0.716463 0.414446 0
0.642103 0.047818 0.997717 0.859030 0.436362 0.178805 0.233580 0.252465 0
0.181770 0.535553 0.140710 0.592772 0.030025 0.672272 0.981132 0.605859 1
0.859430 0.151832 0.644579 0.337908 0.871614 0.889945 0.700465 0.288618 1
0.069000 0.879243 0.295991 0.876628 0.919977 0.728752 0.963761 0.454308 1
0.840762 0.104084 0.382474 0.855659 0.576761 0.838841 0.144856 0.455746 1
0.874362 0.723455 0.929524 0.502144 0.387469 0.805128 0.788138 0.662383 1
0.771133 0.877920 0.456646 0.176703 0.227461 0.705132 0.682538 0.312842 0
0.264974 0.380372 0.852525 0.178080 0.948246 0.807531 0.565859 0.253026 1
0.564711 0.811868 0.277611 0.912863 0.106477 0.660822 0.745955 0.957601 1
0.010442 0.500800 0.069586 0.918333 0.384259 0.464607 0.683733 0.179900 0
0.656895 0.597621 0.799560 0.388002 0.004066 0.117428 0.214189 0.955562 0
0.099971 0.764064 0.716424 0.583745 0.285028 0.811852 0.100778 0.020946 0
0.755854 0.632983 0.776255 0.091029 0.670377 0.008503 0.693855 0.505701 1
0.495760 0.973701 0.490418 0.587009 0.950079 0.900470 0.195243 0.926957 1
0.783378 0.569999 0.821320 0.226938 0.306134 0.643437 0.340593 0.858211 0
0.151708 0.590822 0.664128 0.338111 0.386141 0.122069 0.763532 0.218593 1
0.348519 0.106646 0.831947 0.286470 0.026284 0.894816 0.041580 0.391335 0
0.371094 0.803211 0.755519 0.314231 0.179549 0.771108 0.123998 0.340078 0
0.934728 0.630706 0.645697 0.203297 0.492588 0.908486 0.520813 0.779057 1
0.918030 0.379677 0.282079 0.507212 0.059039 0.360748 0.937228 0.250094 0
0.395340 0.716547 0.528201 0.875605 0.015421 0.034835 0.027141 0.717518 1
0.294054 0.715225 0.132862 0.364765 0.666304 0.864584 0.673059 0.934493 1
0.814711 0.542556 0.696342 0.248976 0.149249 0.379717 0.770079 0.895701 1
0.434166 0.319987 0.780962 0.496268 0.077942 0.012270 0.499569 0.221795 0
0.822865 0.854479 0.922886 0.410832 0.590917 0.573294 0.689744 0.443472 1
0.324182 0.228132 0.757923 0.735763 0.576062 0.720978 0.371209 0.909261 1
0.650955 0.562695 0.162617 0.427217 0.420744 0.065200 0.126714 0.096854 0
0.503721 0.776314 0.535567 0.007953 0.010634 0.932034 0.753684 0.612034 1
0.234070 0.103456 0.107816 0.319706 0.275669 0.795598 0.355548 0.903027 0
0.619289 0.514627 0.617380 0.229986 0.652320 0.545746 0.237268 0.079441 0
0.007007 0.151967 0.201995 0.380891 0.955233 0.546721 0.425843 0.745347 1
0.774333 0.326404 0.373806 0.691747 0.974773 0.331677 0.005302 0.554975 0
0.900320 0.388020 0.923489 0.773560 0.058784 0.107185 0.117337 0.846807 1
0.075094 0.767343 0.409372 0.434678 0.668685 0.460016 0.989978 0.553726 1
0.805914 0.436053 0.328332 0.453362 0.976474 0.398999 0.647282 0.842042 1
0.995530 0.321814 0.590016 0.614207 0.689322 0.615446 0.997955 0.159688 0
0.873736 0.516080 0.076860 0.564028 0.927428 0.854920 0.542400 0.426410 1
0.408832 0.684056 0.039586 0.559976 0.111121 0.376930 0.229841 0.919554 0
0.008588 0.489821 0.329032 0.710214 0.067618 0.374361 0.922012 0.536130 0
0.946896 0.930981 0.140137 0.105070 0.837553 0.621667 0.096425 0.618476 1
0.813793 0.487220 0.602717 0.276674 0.118976 0.835368 0.135011 0.429085 0
0.724618 0.269131 0.240111 0.009823 0.697374 0.478646 0.172648 0.680914 1
0.676788 0.012467 0.903727 0.972199 0.214211 0.369625 0.378854 0.780325 1
0.834143 0.278568 0.863696 0.137809 0.608956 0.575667 0.164763 0.057245 0
0.316964 0.624738 0.085436 0.801706 0.237337 0.270681 0.046687 0.609274 0
0.797140 0.631425 0.346079 0.130704 0.347803 0.142638 0.948157 0.705636 0
0.477928 0.664157 0.296387 0.522192 0.398268 0.835500 0.528347 0.991826 1
0.137717 0.022558 0.453655 0.944473 0.023875 0.304598 0.513823 0.686211 0
0.300708 0.250253 0.200520 0.005196 0.792827 0.502257 0.981902 0.397656 1
0.678815 0.548632 0.666240 0.751634 0.490422 0.313919 0.557627 0.564143 1
0.821912 0.621274 0.808822 0.837181 0.885225 0.060199 0.494426 0.576454 1
0.920550 0.251256 0.836234 0.470267 0.758973 0.375654 0.159066 0.247146 0
0.289464 0.995040 0.763693 0.103484 0.636755 0.613580 0.057447 0.366593 0
0.542282 0.559169 0.999949 0.442819 0.468402 0.437459 0.150480 0.074419 0
0.057278 0.235949 0.376032 0.460604 0.340415 0.912003 0.870543 0.726962 0
0.531235 0.404092 0.418704 0.776005 0.664093 0.108009 0.682180 0.679238 0
0.608440 0.694971 0.034789 0.053009 0.437243 0.661493 0.756399 0.848177 0
0.074337 0.174713 0.044614 0.437338 0.049023 0.023451 0.236689 0.459583 0
0.693758 0.231451 0.514796 0.406043 0.871977 0.018657 0.444010 0.431021 0
0.308825 0.361148 0.034028 0.055648 0.446468 0.786174 0.361727 0.838212 0
0.415726 0.753316 0.265927 0.355338 0.313994 0.571559 0.020202 0.884606 0
0.343520 0.036327 0.558257 0.711070 0.466041 0.521389 0.368257 0.357550 0
0.926900 0.820871 0.895461 0.461646 0.217621 0.427487 0.108638 0.813620 0
0.689390 0.258430 0.342504 0.239612 0.402347 0.195352 0.765477 0.626723 0
0.434509 0.846989 0.596133 0.748915 0.734937 0.156952 0.329776 0.946970 1
0.896155 0.018203 0.841217 0.224723 0.014248 0.320261 0.415537 0.740374 0
0.641239 0.319800 0.755597 0.545080 0.554341 0.171023 0.665965 0.772110 1
0.915097 0.745716 0.025465 0.137225 0.383505 0.400868 0.362454 0.052797 0
0.217710 0.488297 0.797142 0.725792 0.712839 0.662969 0.226456 0.463847 0
0.684145 0.832265 0.191496 0.016231 0.837260 0.400265 0.916391 0.322575 1
0.738675 0.340404 0.765548 0.443563 0.291800 0.286403 0.978170 0.025809 1
0.097294 0.615831 0.697595 0.759688 0.293107 0.325907 0.670423 0.632159 1
0.547734 0.600809 0.756927 0.487455 0.476516 0.232454 0.963736 0.072091 1
0.046035 0.444809 0.965857 0.701034 0.937804 0.714783 0.681746 0.383095 0
0.775398 0.250337 0.236784 0.338001 0.739078 0.838603 0.367945 0.259626 1
0.170108 0.654310 0.794399 0.346237 0.922387 0.765621 0.414448 0.000868 0
0.694409 0.914281 0.794824 0.674513 0.543490 0.675988 0.054991 0.990313 1
0.140346 0.862736 0.535994 0.222154 0.618161 0.259999 0.740630 0.127994 1
0.118008 0.044720 0.036458 0.225608 0.361883 0.084935 0.235652 0.364750 0
0.150394 0.704522 0.203861 0.319193 0.595976 0.236671 0.907947 0.327477 1
0.305264 0.619981 0.786399 0.415507 0.168354 0.376561 0.823606 0.413726 1
0.110881 0.189319 0.195185 0.306893 0.599183 0.971313 0.026223 0.788313 1
0.166026 0.487880 0.994545 0.991368 0.618744 0.778000 0.553684 0.062723 0
0.898940 0.088610 0.385001 0.839035 0.848938 0.360322 0.474681 0.483267 0
0.430885 0.109115 0.666655 0.341492 0.568158 0.571121 0.569910 0.969169 1
0.906419 0.070686 0.275130 0.513835 0.360363 0.409762 0.135548 0.946917 0
0.463467 0.307113 0.202615 0.128737 0.461399 0.821556 0.221902 0.348128 0
0.800708 0.087445 0.758658 0.876074 0.414273 0.861868 0.048579 0.873629 1
0.723800 0.026919 0.815308 0.982635 0.709679 0.897003 0.535207 0.839002 1
0.325872 0.733193 0.543999 0.574050 0.225085 0.528632 0.048792 0.406125 0
0.207816 0.230195 0.046054 0.026927 0.477628 0.706385 0.946845 0.185326 0
0.113271 0.779558 0.673253 0.205159 0.630529 0.690521 0.122572 0.020987 0
0.122952 0.904594 0.172128 0.997855 0.485697 0.858948 0.005159 0.707969 1
0.029040 0.027072 0.066524 0.240983 0.796133 0.227242 0.742243 0.275293 1
0.188832 0.282740 0.967343 0.577858 0.062901 0.973247 0.933525 0.360564 0
0.804353 0.707525 0.365774 0.900114 0.747997 0.415841 0.852691 0.230522 0
0.728408 0.815217 0.793438 0.205514 0.411794 0.544227 0.737423 0.321641 1
0.838872 0.507656 0.010851 0.342308 0.905420 0.474147 0.947336 0.341163 1
0.710532 0.883099 0.500488 0.593577 0.528452 0.823366 0.039778 0.737190 1
0.744684 0.791760 0.133750 0.587807 0.147691 0.723851 0.766594 0.620959 1
0.535390 0.158686 0.027844 0.782336 0.993870 0.215204 0.798855 0.712305 0
0.234619 0.016310 0.201444 0.940404 0.334884 0.911587 0.976362 0.090128 1
0.777720 0.754080 0.380001 0.013201 0.912288 0.773611 0.111361 0.922373 1
0.670748 0.087624 0.937306 0.687759 0.556635 0.646543 0.727826 0.239393 0
0.290705 0.416105 0.029124 0.184843 0.512260 0.533567 0.820754 0.583036 1
0.829048 0.976074 0.544958 0.574946 0.637013 0.990920 0.003440 0.408186 0
0.600330 0.398800 0.310308 0.696241 0.020113 0.612482 0.481265 0.884632 1
0.393707 0.997452 0.840864 0.321383 0.676557 0.696572 0.854263 0.632156 1
0.190055 0.691609 0.050263 0.747061 0.728485 0.510384 0.814498 0.047783 1
0.582212 0.609543 0.788086 0.631577 0.303577 0.861270 0.245179 0.541600 1
0.711880 0.128001 0.101077 0.322406 0.399289 0.920116 0.374116 0.039589 0
0.942952 0.020327 0.169106 0.205750 0.614864 0.431296 0.083120 0.785308 1
0.049080 0.728189 0.359700 0.283684 0.661127 0.163421 0.973899 0.912223 1
0.279559 0.663208 0.870566 0.452340 0.413173 0.396562 0.123140 0.161567 0
0.098300 0.196427 0.710462 0.779985 0.681351 0.549851 0.949641 0.208460 0
0.347888 0.917342 0.602674 0.747139 0.657114 0.114270 0.306175 0.261608 0
0.712125 0.767421 0.769763 0.220648 0.112889 0.083794 0.638048 0.303945 1
0.896590 0.598817 0.139244 0.918252 0.433635 0.292396 0.854799 0.407442 0
0.219760 0.929570 0.668568 0.322404 0.166185 0.004710 0.441252 0.282468 0
0.362924 0.454735 0.254881 0.982465 0.410312 0.753354 0.708529 0.193375 1
0.734612 0.164723 0.604988 0.040609 0.445862 0.465712 0.331376 0.674227 0
0.768449 0.263365 0.238553 0.408762 0.616758 0.117885 0.594126 0.819627 1
0.645736 0.715657 0.674186 0.261674 0.818820 0.169282 0.644216 0.163715 1
0.751710 0.345398 0.415898 0.441045 0.831319 0.705258 0.672310 0.114407 1
0.792714 0.791213 0.788640 0.316339 0.025745 0.808332 0.704004 0.441389 1
0.960454 0.663702 0.309288 0.997564 0.492942 0.370483 0.374984 0.214907 0
0.379987 0.559382 0.670151 0.801623 0.043027 0.083710 0.201261 0.027968 0
0.408186 0.116478 0.517376 0.412713 0.043393 0.412740 0.196298 0.116666 0
0.235955 0.893854 0.296183 0.813981 0.063423 0.613787 0.130541 0.267862 1
0.991646 0.696812 0.369978 0.968375 0.801409 0.312176 0.590429 0.422283 0
0.318285 0.366308 0.181320 0.325123 0.222719 0.948226 0.687242 0.672032 0
0.191617 0.019171 0.368577 0.870866 0.832999 0.232454 0.135693 0.045759 0
0.464246 0.826733 0.884061 0.719624 0.475485 0.033769 0.462424 0.198831 0
0.359200 0.353681 0.916978 0.387505 0.874323 0.214032 0.119999 0.002075 0
0.975644 0.323399 0.820359 0.915590 0.397771 0.604611 0.521871 0.006188 0
0.858557 0.279751 0.310153 0.269148 0.865581 0.260925 0.154510 0.657508 1
0.951982 0.648962 0.568792 0.899828 0.284049 0.372876 0.884195 0.530849 1
0.773325 0.373368 0.832382 0.209875 0.797045 0.426920 0.615217 0.089507 1
0.274304 0.457519 0.962326 0.205673 0.432834 0.039536 0.857867 0.635522 1
0.168140 0.562962 0.954738 0.631101 0.062580 0.520591 0.554184 0.673699 1
0.588162 0.951239 0.613490 0.115146 0.587510 0.708291 0.586239 0.899336 1
0.610682 0.794524 0.192826 0.003597 0.691857 0.009324 0.662632 0.955606 1
0.052448 0.709126 0.024524 0.098077 0.776849 0.984626 0.595558 0.109382 1
0.115054 0.118914 0.144154 0.434110 0.294108 0.832221 0.744815 0.463881 0
0.776668 0.250192 0.195060 0.894519 0.927793 0.970773 0.916659 0.820646 1
0.582045 0.104792 0.613069 0.113717 0.402966 0.916214 0.446768 0.295241 0
0.264190 0.815785 0.821078 0.724767 0.539977 0.014898 0.799077 0.548346 1
0.157381 0.606080 0.649953 0.781965 0.596409 0.666756 0.235276 0.450356 0
0.314156 0.930385 0.178738 0.842029 0.959683 0.067621 0.843406 0.580572 0
0.407102 0.400293 0.314477 0.128117 0.198446 0.710401 0.533470 0.977920 0
0.098291 0.723938 0.739427 0.245017 0.617221 0.203400 0.451998 0.046943 0
0.021831 0.793762 0.535118 0.002931 0.545803 0.478399 0.506014 0.346187 1
0.700635 0.597052 0.405898 0.540934 0.043438 0.780075 0.458257 0.475123 1
0.064790 0.220889 0.688466 0.348714 0.816131 0.598464 0.660413 0.465369 1
0.870474 0.313792 0.866161 0.655920 0.958369 0.372685 0.770468 0.248918 0
0.077775 0.251746 0.821758 0.377232 0.440532 0.694489 0.038036 0.520514 0
0.142286 0.323593 0.713655 0.886336 0.341107 0.604473 0.952096 0.776941 1
0.402987 0.755456 0.986124 0.377111 0.199915 0.319279 0.975886 0.860488 1
0.269071 0.209722 0.879253 0.283230 0.595390 0.914530 0.526427 0.826174 1
0.299646 0.318170 0.110088 0.355463 0.937546 0.277423 0.995013 0.192943 1
0.680307 0.847589 0.096009 0.222526 0.136672 0.849620 0.893488 0.644693 0
0.159540 0.998738 0.557029 0.508885 0.858238 0.991970 0.199862 0.956703 1
0.095809 0.330734 0.912455 0.349872 0.314692 0.959622 0.672726 0.935797 1
0.402275 0.251134 0.908589 0.130171 0.584835 0.872376 0.867856 0.177362 1
0.997043 0.490491 0.091801 0.587942 0.252115 0.152468 0.574526 0.498262 0
0.799649 0.618227 0.674018 0.896208 0.588382 0.572261 0.154971 0.243794 0
0.797415 0.564378 0.285652 0.252192 0.992700 0.861009 0.188883 0.667033 1
0.315515 0.490954 0.362836 0.715222 0.790917 0.835524 0.412872 0.194339 1
0.324255 0.114585 0.357292 0.520519 0.643878 0.103291 0.856620 0.999705 0
0.427985 0.446789 0.019825 0.931228 0.585084 0.160932 0.832769 0.537445 0
0.163070 0.972731 0.714533 0.903343 0.128202 0.052429 0.755333 0.868845 1
0.132700 0.552158 0.990732 0.212853 0.358164 0.715160 0.107444 0.972286 0
0.852424 0.170126 0.346847 0.790244 0.407421 0.961027 0.779817 0.077915 1
0.882836 0.581864 0.953534 0.487681 0.282701 0.314230 0.024068 0.004836 0
0.443533 0.336989 0.799500 0.655911 0.419425 0.718273 0.390381 0.254050 0
0.147919 0.954348 0.480009 0.776266 0.478156 0.412231 0.415963 0.843115 0
0.911891 0.808797 0.099380 0.564501 0.763965 0.055915 0.356885 0.611073 0
0.955507 0.821944 0.509254 0.987220 0.679002 0.311254 0.220266 0.508825 1
0.571726 0.634499 0.010832 0.081914 0.630342 0.633816 0.814500 0.762612 1
0.511011 0.762506 0.547486 0.634023 0.513337 0.429743 0.814452 0.630797 1
0.041031 0.402493 0.804720 0.999932 0.464152 0.684232 0.557538 0.057420 0
0.993750 0.030958 0.385103 0.503249 0.478189 0.731051 0.691076 0.180931 1
0.220774 0.296258 0.410931 0.151043 0.156605 0.792561 0.166250 0.270450 0
0.393384 0.917534 0.784863 0.118773 0.616351 0.928012 0.960011 0.177874 1
0.815476 0.283138 0.498913 0.601656 0.017375 0.132810 0.593178 0.097444 0
0.929360 0.908561 0.584892 0.323488 0.065641 0.918212 0.491822 0.091468 0
0.153476 0.698585 0.153905 0.421682 0.041323 0.559323 0.657490 0.639363 0
0.925249 0.613940 0.933310 0.587811 0.754417 0.924728 0.828389 0.659786 1
0.553905 0.281832 0.370452 0.624764 0.962274 0.482616 0.437242 0.355890 0
0.984201 0.211982 0.007515 0.922480 0.071068 0.271605 0.554723 0.297686 0
0.595121 0.308688 0.910326 0.247589 0.958054 0.331315 0.029120 0.764159 0
0.451025 0.143907 0.206422 0.411801 0.091896 0.312330 0.401866 0.138386 0
0.699437 0.464336 0.528556 0.852975 0.690438 0.017044 0.459905 0.851445 1
0.557963 0.547701 0.674493 0.248998 0.447477 0.446822 0.906301 0.244855 1
0.379481 0.535374 0.754152 0.635044 0.899584 0.616314 0.804548 0.592215 1
0.918461 0.799793 0.743610 0.243831 0.560603 0.611296 0.216681 0.998041 0
0.664044 0.479123 0.841516 0.029447 0.884830 0.934984 0.839837 0.587527 1
0.240668 0.223490 0.984450 0.259649 0.131932 0.312125 0.935191 0.495593 1
0.052152 0.414314 0.099632 0.235706 0.973173 0.914234 0.289771 0.635730 1
0.141064 0.502063 0.851191 0.173662 0.977009 0.476381 0.178188 0.048234 0
0.150663 0.931830 0.256710 0.961733 0.351029 0.851203 0.754409 0.159630 1
0.628846 0.723174 0.875212 0.733200 0.909079 0.674332 0.479998 0.042165 0
0.975530 0.085713 0.424944 0.166756 0.496925 0.789249 0.049961 0.121553 0
0.473125 0.251553 0.034792 0.106449 0.568755 0.562978 0.020653 0.362356 1
0.604760 0.745801 0.908417 0.275928 0.351230 0.178703 0.595518 0.999870 1
0.543866 0.410156 0.286334 0.499568 0.533742 0.800745 0.152891 0.195899 1
0.530410 0.884289 0.516088 0.867309 0.506683 0.845230 0.596537 0.643831 1
0.726807 0.849186 0.920027 0.024288 0.666072 0.794717 0.074848 0.179048 0
0.175117 0.890469 0.297954 0.064901 0.344644 0.897768 0.275031 0.010979 0
0.488829 0.730940 0.254868 0.159879 0.469250 0.620796 0.579141 0.360204 0
0.596982 0.586015 0.741232 0.691970 0.143777 0.953014 0.414320 0.684871 1
0.134883 0.036906 0.423040 0.779740 0.597036 0.338995 0.506904 0.621003 0
0.406092 0.838138 0.251398 0.142808 0.654653 0.456008 0.725914 0.723756 1
0.375873 0.678333 0.291647 0.871022 0.389984 0.966431 0.789431 0.836836 1
0.356393 0.982040 0.288744 0.195325 0.332164 0.785434 0.552033 0.230374 0
0.786594 0.907916 0.023909 0.169880 0.390318 0.653320 0.233972 0.091050 0
0.219488 0.507453 0.095111 0.959634 0.160893 0.943513 0.348247 0.567457 1
0.354374 0.037392 0.242818 0.163147 0.719043 0.721761 0.125633 0.367335 1
0.921011 0.277157 0.170725 0.797028 0.636268 0.011467 0.194193 0.195135 0
0.884500 0.342459 0.452774 0.690411 0.490212 0.376590 0.273641 0.066793 0
0.182944 0.924380 0.494099 0.915654 0.827049 0.707941 0.837345 0.622214 1
0.483942 0.295999 0.254436 0.205208 0.602967 0.283986 0.886563 0.567169 1
0.016597 0.083897 0.777802 0.482440 0.505464 0.275715 0.218135 0.844451 0
0.395104 0.222954 0.415192 0.552755 0.116157 0.145914 0.741598 0.303176 0
0.434936 0.789620 0.444322 0.069878 0.946617 0.994587 0.739672 0.774081 1
0.373911 0.879741 0.041459 0.691921 0.157060 0.250431 0.971619 0.431066 0
0.598770 0.776293 0.564476 0.609511 0.287414 0.414581 0.521944 0.380512 0
0.151581 0.083521 0.530236 0.817598 0.142297 0.928064 0.496411 0.105079 0
0.799058 0.984584 0.704251 0.692144 0.994631 0.118900 0.045989 0.563232 1
0.725942 0.125141 0.303749 0.663351 0.307211 0.627700 0.927313 0.391560 1
0.888179 0.517024 0.821356 0.346562 0.060536 0.031184 0.731413 0.222507 1
0.019428 0.529459 0.633583 0.858617 0.914827 0.764044 0.145500 0.979410 1
0.328797 0.682964 0.068746 0.708564 0.501610 0.421016 0.888867 0.625198 0
0.731877 0.100578 0.084776 0.212644 0.689656 0.465810 0.964369 0.618225 1
0.802291 0.882432 0.544485 0.607694 0.504453 0.805753 0.657131 0.784078 1
0.232261 0.567629 0.909869 0.792352 0.732820 0.201634 0.804364 0.286940 0
0.383508 0.997397 0.771055 0.405697 0.875533 0.591457 0.859102 0.523693 1
0.617463 0.925608 0.094248 0.425390 0.714862 0.305298 0.546647 0.510548 1
0.676006 0.182323 0.066313 0.601190 0.352977 0.943724 0.996985 0.203186 1
0.129843 0.704760 0.268481 0.018502 0.547320 0.469289 0.643079 0.977406 1
0.721226 0.381590 0.408434 0.380741 0.852230 0.334029 0.016950 0.659672 1
0.094354 0.522710 0.911644 0.565499 0.024522 0.550604 0.931972 0.659381 1
0.591411 0.430355 0.600695 0.204855 0.426473 0.301984 0.670798 0.293995 1
0.857352 0.366859 0.410646 0.239567 0.161237 0.341353 0.663973 0.798370 0
0.535730 0.828635 0.851800 0.938935 0.811856 0.808771 0.666808 0.219803 0
0.352747 0.707909 0.276218 0.030536 0.209793 0.556025 0.866219 0.400582 0
0.361664 0.140770 0.913309 0.712841 0.812281 0.409075 0.511133 0.502933 1
0.195583 0.507651 0.284308 0.274882 0.869264 0.931492 0.724774 0.931592 1
0.359354 0.454405 0.410195 0.103228 0.345157 0.361637 0.863134 0.202191 0
0.004449 0.158201 0.834485 0.036231 0.273588 0.451235 0.723070 0.063500 1
0.835598 0.134988 0.014053 0.933227 0.054171 0.709450 0.163121 0.195095 1
0.303044 0.620008 0.168526 0.156752 0.941815 0.612865 0.905721 0.424476 1
0.559609 0.827741 0.956161 0.738715 0.907110 0.263501 0.976532 0.407064 0
0.267375 0.347378 0.433962 0.508815 0.890183 0.344285 0.047871 0.583506 0
0.148644 0.448449 0.138613 0.234058 0.274741 0.199268 0.882825 0.676648 0
0.383535 0.413178 0.723259 0.394673 0.693280 0.351365 0.890324 0.003713 1
0.744749 0.836724 0.932637 0.562879 0.707485 0.352137 0.483142 0.766050 1
0.760633 0.692822 0.968260 0.916967 0.585814 0.640389 0.751296 0.845715 1
0.409296 0.883340 0.470576 0.067411 0.227687 0.729680 0.815985 0.663889 0
0.033397 0.612720 0.551246 0.446013 0.158812 0.892922 0.798797 0.652083 1
0.197195 0.995791 0.328311 0.762891 0.267495 0.723922 0.752498 0.128703 1
0.438197 0.435837 0.955571 0.774361 0.583936 0.473817 0.807108 0.198897 0
0.931971 0.022148 0.789769 0.979971 0.953959 0.048245 0.328932 0.076250 0
0.867756 0.529741 0.876596 0.748572 0.234875 0.784995 0.610514 0.983826 1
0.295026 0.079338 0.651178 0.655587 0.721802 0.332429 0.793778 0.078800 0
0.798395 0.921261 0.696376 0.115690 0.473568 0.316947 0.648132 0.951169 1
0.584857 0.737011 0.135451 0.829532 0.024582 0.808578 0.209511 0.848354 1
0.565658 0.119467 0.668425 0.437540 0.497610 0.348447 0.700924 0.709858 1
0.061221 0.414781 0.413826 0.488867 0.601454 0.118173 0.647188 0.654460 1
0.005445 0.351980 0.247619 0.066069 0.636241 0.554803 0.827588 0.210450 1
0.667829 0.414706 0.852609 0.074990 0.733970 0.093735 0.177252 0.493752 0
0.434306 0.095477 0.800012 0.472861 0.873747 0.919467 0.935131 0.410998 1
0.947038 0.201126 0.855222 0.207964 0.780612 0.733234 0.840921 0.195446 1
0.816728 0.987075 0.165242 0.768513 0.063701 0.790445 0.147616 0.911732 1
0.388063 0.802519 0.090338 0.770051 0.537063 0.504282 0.340250 0.753109 1
0.326025 0.866641 0.852464 0.152729 0.983788 0.362760 0.113328 0.738157 0
0.602289 0.376959 0.174254 0.727845 0.356725 0.151143 0.075227 0.935060 0
0.769123 0.087865 0.378604 0.202459 0.788371 0.799323 0.965891 0.648447 1
0.801824 0.054797 0.470367 0.742760 0.019269 0.468803 0.836643 0.690264 0
0.635837 0.294941 0.438998 0.699352 0.220695 0.694379 0.628139 0.348867 1
0.297849 0.303413 0.674526 0.134945 0.836371 0.203331 0.279689 0.507107 0
0.580837 0.208856 0.636511 0.240058 0.151619 0.849576 0.497811 0.668007 0
0.926083 0.598726 0.997283 0.694498 0.409691 0.209555 0.185810 0.236065 0
0.012819 0.741422 0.943577 0.057589 0.682732 0.674275 0.946368 0.750543 1
0.642497 0.448778 0.708346 0.800704 0.982563 0.408115 0.630289 0.684043 1
0.064730 0.562703 0.009826 0.940106 0.747461 0.995442 0.449762 0.277702 1
0.585658 0.850135 0.988702 0.434406 0.525455 0.380660 0.611571 0.897578 1
0.477623 0.627098 0.551929 0.812385 0.167788 0.472121 0.220645 0.572738 1
0.651990 0.735824 0.474196 0.337150 0.607487 0.741607 0.906659 0.746109 1
0.520490 0.909907 0.516393 0.056767 0.359084 0.149883 0.053594 0.774040 0
0.826943 0.643466 0.010296 0.308684 0.066235 0.083492 0.015445 0.751001 0
0.621087 0.611602 0.003129 0.307857 0.147156 0.515778 0.563694 0.167210 0
0.992182 0.586195 0.210686 0.158132 0.022114 0.087827 0.680955 0.814663 0
0.081952 0.774129 0.452336 0.307048 0.645494 0.160475 0.539083 0.924364 1
0.542634 0.031636 0.727048 0.646795 0.984071 0.809659 0.172549 0.293811 0
0.519707 0.321945 0.517933 0.390827 0.284872 0.485661 0.909952 0.700315 1
0.665180 0.540921 0.393809 0.493779 0.070033 0.654611 0.040154 0.163260 0
0.821930 0.558873 0.102124 0.121037 0.777289 0.215383 0.093074 0.496172 1
0.100311 0.695709 0.993255 0.002343 0.237239 0.317284 0.420382 0.651387 0
0.665259 0.898562 0.627790 0.882064 0.321111 0.834280 0.196571 0.203211 0
0.337603 0.569767 0.928788 0.636735 0.812216 0.570046 0.131278 0.452268 0
0.265268 0.795345 0.573560 0.407050 0.461877 0.858681 0.495614 0.797606 0
0.647788 0.428102 0.480901 0.858773 0.095941 0.403715 0.516057 0.986934 0
0.748836 0.020012 0.077757 0.339830 0.871263 0.739643 0.312860 0.395506 1
0.745420 0.549207 0.016876 0.986138 0.850774 0.062036 0.264232 0.425432 0
0.708889 0.120403 0.095650 0.563675 0.143792 0.806335 0.787581 0.890277 1
0.756491 0.759815 0.083057 0.017754 0.550102 0.599824 0.790213 0.096527 1
0.521628 0.690922 0.957547 0.395409 0.655569 0.483136 0.720718 0.898906 1
0.679749 0.969188 0.226475 0.224241 0.357269 0.694146 0.458266 0.085805 0
0.587468 0.223628 0.601972 0.445171 0.958243 0.512053 0.100293 0.158803 0
0.632145 0.888993 0.651766 0.036329 0.201444 0.374594 0.507302 0.032447 1
0.056549 0.643947 0.173933 0.363818 0.922950 0.709580 0.235904 0.597538 1
0.364326 0.117029 0.541213 0.435586 0.697097 0.565565 0.645999 0.874116 1
0.717387 0.582126 0.323742 0.806421 0.794203 0.596493 0.039871 0.835607 1
0.065378 0.910949 0.339951 0.224944 0.402486 0.110825 0.007251 0.940570 0
0.234605 0.125637 0.315514 0.767628 0.241042 0.850833 0.691328 0.897805 1
0.560101 0.510623 0.640632 0.560214 0.596979 0.579120 0.845376 0.038852 0
0.304383 0.216634 0.025088 0.805809 0.366812 0.759109 0.972097 0.684032 1
0.116351 0.597821 0.452697 0.926789 0.812441 0.617664 0.730550 0.463835 1
0.562283 0.875389 0.752826 0.723557 0.533417 0.236605 0.839355 0.567062 1
0.359398 0.630515 0.031941 0.950594 0.146799 0.696822 0.551214 0.659631 1
0.645153 0.525370 0.248533 0.726046 0.022465 0.705313 0.557700 0.291396 1
0.280626 0.334787 0.976102 0.403414 0.702890 0.296889 0.616286 0.330969 1
0.256562 0.460722 0.015128 0.889769 0.871154 0.611197 0.477564 0.696052 1
0.516294 0.053623 0.895499 0.054858 0.459265 0.379988 0.023070 0.292517 0
0.801424 0.758007 0.293277 0.531182 0.584756 0.164952 0.044815 0.129433 0
0.669003 0.500192 0.061563 0.258138 0.368028 0.214786 0.662704 0.131891 0
0.307677 0.716875 0.649601 0.338834 0.216015 0.839697 0.247277 0.744371 0
0.954338 0.669328 0.036663 0.130804 0.947295 0.366273 0.561862 0.994449 1
0.918923 0.392453 0.071016 0.995679 0.190784 0.663025 0.262877 0.436479 1
0.080470 0.295030 0.816925 0.038820 0.804302 0.288655 0.257911 0.801659 0
0.583013 0.420092 0.684430 0.990481 0.369995 0.730635 0.475115 0.855186 1
0.306568 0.937837 0.578837 0.311060 0.837678 0.250837 0.472761 0.893698 0
0.507827 0.603376 0.991620 0.089311 0.427530 0.701966 0.639649 0.201636 1
0.636414 0.491453 0.483944 0.967614 0.371346 0.520238 0.608251 0.630837 1
0.635628 0.017943 0.057886 0.787721 0.930213 0.209882 0.954594 0.872005 0
0.587183 0.136410 0.400264 0.563999 0.614416 0.613719 0.825964 0.487319 1
0.924002 0.070818 0.919251 0.617658 0.474966 0.435122 0.126537 0.708709 1
0.198348 0.638700 0.166438 0.034389 0.090971 0.340971 0.091892 0.785559 0
0.643545 0.432274 0.297438 0.717010 0.154917 0.141208 0.267066 0.926516 0
0.749679 0.694988 0.213833 0.853190 0.516177 0.825166 0.538765 0.149421 1
0.810096 0.265093 0.692149 0.971786 0.327084 0.361255 0.659376 0.424585 0
0.123257 0.242882 0.650032 0.857261 0.451512 0.987750 0.304660 0.916593 1
0.637530 0.134467 0.344085 0.566202 0.392569 0.599898 0.461052 0.777241 1
0.496418 0.590590 0.674405 0.273309 0.332832 0.243503 0.578893 0.962027 1
0.341479 0.442688 0.957302 0.525243 0.200762 0.271193 0.401141 0.792471 1
0.464571 0.231127 0.879030 0.303963 0.546898 0.874987 0.508123 0.861345 1
0.277030 0.628980 0.883354 0.351971 0.816912 0.144733 0.689593 0.149008 1
0.339186 0.194476 0.935420 0.259535 0.348345 0.164862 0.655958 0.283385 1
0.511015 0.335685 0.624102 0.166816 0.066359 0.319447 0.885587 0.084916 1
0.114749 0.510583 0.886604 0.427098 0.804357 0.940785 0.379959 0.202310 0
0.235177 0.450921 0.226461 0.562247 0.898068 0.952524 0.548167 0.438048 1
0.184047 0.216266 0.941457 0.290390 0.362378 0.198069 0.845215 0.721288 1
0.001150 0.515967 0.035857 0.509118 0.584643 0.286785 0.897634 0.599289 0
0.333793 0.776515 0.454682 0.449149 0.562305 0.047998 0.062790 0.370357 1
0.681722 0.655799 0.626010 0.825274 0.440658 0.465055 0.956427 0.028955 0
0.998425 0.428096 0.170125 0.306782 0.498731 0.829623 0.037126 0.937865 0
0.906646 0.461320 0.977633 0.106645 0.943666 0.817688 0.624408 0.932862 1
0.100547 0.996135 0.849610 0.460145 0.655364 0.681951 0.553406 0.493729 1
0.983369 0.905468 0.139789 0.021702 0.410310 0.121044 0.475862 0.262340 0
0.213490 0.160463 0.001453 0.757446 0.770718 0.383013 0.063057 0.299124 0
0.169938 0.356401 0.999892 0.560067 0.778648 0.019594 0.268056 0.621983 1
0.088812 0.473459 0.327103 0.773445 0.746997 0.880100 0.016745 0.992414 1
0.789484 0.108121 0.914485 0.804129 0.232784 0.203890 0.241054 0.504867 1
0.952748 0.901095 0.297125 0.975355 0.950931 0.810819 0.365588 0.287415 1
0.798509 0.833871 0.472580 0.896922 0.367896 0.417595 0.317387 0.964427 0
0.285648 0.311699 0.631285 0.913167 0.230255 0.338439 0.704237 0.933657 1
0.425640 0.613977 0.805568 0.617464 0.237019 0.846560 0.709785 0.948180 1
0.766831 0.031556 0.020600 0.622948 0.111015 0.014710 0.383090 0.213661 0
0.064510 0.368612 0.472146 0.531044 0.201770 0.122403 0.085659 0.844641 0
0.608675 0.419128 0.179949 0.948776 0.173382 0.986205 0.348883 0.596101 1
0.314635 0.697091 0.399638 0.346295 0.826446 0.868383 0.259284 0.865042 1
0.735100 0.615346 0.325505 0.093040 0.244503 0.268612 0.043734 0.959045 0
0.029905 0.233327 0.199687 0.201195 0.566683 0.774432 0.808117 0.329924 1
0.359753 0.954600 0.408380 0.977216 0.715134 0.046032 0.016187 0.310073 0
0.881437 0.782561 0.315550 0.038367 0.803796 0.742698 0.771371 0.673687 1
0.128523 0.172616 0.975402 0.858803 0.078634 0.591087 0.708233 0.539895 1
0.060116 0.613535 0.115024 0.595532 0.764056 0.900699 0.732274 0.565693 1
0.334656 0.570304 0.538858 0.558397 0.028512 0.679687 0.882645 0.485422 0
0.595636 0.624462 0.072202 0.989617 0.468150 0.288221 0.911331 0.334331 0
0.028701 0.431458 0.647833 0.466585 0.788417 0.156088 0.339722 0.938181 0
0.681003 0.499429 0.559759 0.095311 0.628800 0.163532 0.512247 0.060157 1
0.941297 0.925692 0.729577 0.404289 0.119181 0.381254 0.002499 0.396033 0
0.508928 0.515158 0.025069 0.529659 0.648101 0.947639 0.468812 0.367507 1
0.078622 0.717610 0.878800 0.965384 0.399186 0.987353 0.119562 0.904198 1
0.289412 0.826628 0.183038 0.496932 0.401106 0.983963 0.746406 0.108390 0
0.573676 0.947811 0.777644 0.217230 0.589870 0.874180 0.523238 0.786860 1
0.452258 0.518244 0.013674 0.180808 0.438035 0.659315 0.050013 0.710636 0
0.159924 0.361588 0.415282 0.478454 0.196802 0.356089 0.354877 0.530872 0
0.317632 0.134134 0.168582 0.254696 0.818325 0.248658 0.892743 0.343492 1
0.591717 0.957326 0.290644 0.501144 0.237615 0.734598 0.682413 0.280441 1
0.966814 0.373858 0.951483 0.385154 0.391834 0.793270 0.139970 0.943657 0
0.962314 0.392870 0.935995 0.121844 0.993374 0.273551 0.071304 0.821363 0
0.083851 0.177258 0.511549 0.652490 0.074087 0.294371 0.695602 0.172901 0
0.493697 0.127386 0.370782 0.119980 0.606095 0.990151 0.546494 0.214540 1
0.476134 0.836965 0.378588 0.445559 0.878438 0.356226 0.145655 0.899218 1
0.702677 0.578741 0.647822 0.391307 0.784951 0.959610 0.081116 0.598239 0
0.393629 0.087906 0.211765 0.823504 0.953622 0.210367 0.973988 0.902173 0
0.657436 0.574675 0.638165 0.726282 0.632889 0.568427 0.140155 0.340293 0
0.381502 0.184507 0.405628 0.068671 0.965959 0.530708 0.136155 0.569808 1
0.293920 0.674640 0.563113 0.800255 0.776106 0.129326 0.408659 0.738893 1
0.178893 0.075266 0.243204 0.751595 0.578219 0.248455 0.178987 0.835057 0
0.942929 0.050364 0.822062 0.039523 0.256504 0.967702 0.284559 0.302870 0
0.865682 0.171736 0.889184 0.115733 0.388595 0.414761 0.215858 0.475094 0
0.084419 0.778123 0.310664 0.430926 0.486267 0.472334 0.749350 0.106403 0
0.976485 0.923686 0.211771 0.530850 0.359936 0.493431 0.174951 0.844651 0
0.764370 0.345456 0.972019 0.472661 0.640430 0.208109 0.089446 0.839980 0
0.798502 0.915388 0.028927 0.081641 0.858043 0.805238 0.455582 0.625973 1
0.095373 0.339049 0.809636 0.302482 0.481303 0.937044 0.164030 0.801366 0
0.008001 0.414732 0.656516 0.968868 0.256254 0.945271 0.639471 0.121210 0
0.209341 0.167618 0.022587 0.954773 0.189925 0.172513 0.073312 0.194032 0
0.977820 0.933545 0.842657 0.028566 0.759612 0.205872 0.110808 0.756336 0
0.658681 0.360821 0.717408 0.038562 0.916836 0.653781 0.999766 0.250954 1
0.882046 0.271011 0.527093 0.521401 0.000201 0.637308 0.756017 0.881264 1
0.984667 0.992285 0.137938 0.998091 0.609674 0.107055 0.192909 0.464932 0
0.138070 0.269253 0.218520 0.591078 0.075259 0.775176 0.841734 0.203781 1
0.090101 0.864640 0.751542 0.626759 0.526499 0.043057 0.428067 0.237703 0
0.710571 0.181931 0.713629 0.522164 0.411124 0.645588 0.132821 0.224173 0
0.937649 0.195662 0.759818 0.649119 0.000726 0.133801 0.800156 0.200035 0
0.601582 0.671713 0.879965 0.507548 0.090016 0.056557 0.911939 0.945992 1
0.430707 0.030944 0.225933 0.707265 0.473540 0.390193 0.242074 0.250998 0
0.198980 0.711877 0.879886 0.111459 0.768116 0.842939 0.832130 0.346332 1
0.884664 0.836865 0.564923 0.667053 0.329382 0.711202 0.011321 0.443600 0
0.829808 0.450559 0.496419 0.572821 0.291159 0.482823 0.427586 0.852910 0
0.777215 0.568744 0.445474 0.662959 0.151742 0.132449 0.592019 0.220447 0
0.129586 0.038351 0.283440 0.660951 0.257095 0.375482 0.514504 0.267265 0
0.192015 0.700768 0.382454 0.649508 0.657634 0.915835 0.756860 0.527259 1
0.950690 0.632627 0.870020 0.321121 0.084121 0.420078 0.980434 0.197899 1
0.705382 0.597878 0.263850 0.011050 0.581941 0.134385 0.799965 0.621266 1
0.271779 0.929712 0.403118 0.176547 0.076926 0.936882 0.063265 0.789633 0
0.333352 0.140027 0.435772 0.099660 0.350307 0.319888 0.688561 0.000001 0
0.723740 0.602030 0.546232 0.900163 0.056754 0.210454 0.888501 0.483040 0
0.917190 0.083879 0.997399 0.566539 0.264284 0.958211 0.416093 0.097781 0
0.374855 0.106390 0.631072 0.180487 0.699903 0.309635 0.032047 0.488707 0
0.332546 0.569103 0.742084 0.085818 0.040691 0.814144 0.742104 0.714719 1
0.789175 0.076987 0.885209 0.334631 0.399767 0.339798 0.290011 0.438736 0
0.380078 0.075908 0.590314 0.262861 0.296583 0.179776 0.669815 0.625628 1
0.173079 0.105228 0.496092 0.023087 0.755303 0.974142 0.675073 0.581092 1
0.523240 0.120122 0.481229 0.691905 0.177154 0.818638 0.414055 0.349143 1
0.320837 0.541602 0.239796 0.823920 0.894435 0.122594 0.121065 0.631271 0
0.096520 0.455811 0.136492 0.061805 0.669445 0.805661 0.867272 0.422327 1
0.207513 0.005754 0.353582 0.859302 0.350222 0.562050 0.013797 0.183543 1
0.634277 0.335606 0.969141 0.110306 0.495013 0.370347 0.129615 0.847498 0
0.392293 0.915170 0.755775 0.070185 0.259649 0.706688 0.251642 0.354518 0
0.974257 0.709061 0.491457 0.799121 0.694328 0.207512 0.814555 0.190602 0
0.191829 0.247281 0.923144 0.603307 0.498321 0.499286 0.144484 0.072396 0
0.357487 0.829656 0.560587 0.228535 0.245532 0.673822 0.843177 0.336814 1
0.861528 0.253448 0.795240 0.895953 0.456412 0.311594 0.039856 0.289808 0
0.206220 0.062886 0.836809 0.671172 0.771886 0.473913 0.045881 0.321209 0
0.938361 0.845105 0.897953 0.238724 0.371977 0.836070 0.963879 0.806605 1
0.014776 0.463921 0.010168 0.025246 0.769591 0.968822 0.731652 0.999728 1
0.856773 0.172243 0.805741 0.692429 0.009359 0.535963 0.098901 0.024867 0
0.125574 0.744882 0.225786 0.786496 0.760170 0.773743 0.165362 0.236622 1